+380955730011
+380985730011
+380935730011
+380930498007
+380505408955
+380637497553
+380977375474
+380952131394
+380636217732
+380962060705
+380954403696
+380689252616
+380633740373
+380957289114
+380678362026
+380996529300
+380980359550
+380978963466
+380673399526
+380631569509
+380997866695
+380687553713
+380683891359
+380636572923
+380957336581
+380985788801
+380686946436
+380676104242
+380664143996
+380989833961
+380509282623
+380985401533
+380674007743
+380672859031
+380965603897
+380800307307
+380979337663
+380930553271
+380506246176
+380973048767
+380979501209
+380633853061
+380681090987
+380636463623
+380960359735
+380984173198
+380676445050
+380684671740
+380662347919
+380939848088
+380661163684
+380679021605
+380682307785
+380674008240
+380954344355
+380689154701
+380674008715
+380679905214
+380684469093
+380730021585
+380632285745
+380631789179
+380931454656
+380678080688
+380681679640
+380935359032
+380445915279
+380507862555
+380980067731
+380632356763
+380682918890
+380505466540
+380973120065
+380936922939
+380505081732
+380674746288
+380931703190
+380500821555
+380675375232
+380445999967
+380507131791
+380966233839
+380980658494
+380671123079
+380931702728
+380667535698
+380443933079
+380503637303
+380633144631
+380663490193
+380678974636
+380672402228
+380934282228
+38096688Ç872
+380952885228
+380934282202
+380970203905
+380504540753
+380986254609
+380663150490
+380678292881
+380679020618
+380681669931
+380981326156
+380634611724
+380955662042
+380630655292
+380665859090
+380685859090
+380959126780
+380503719800
+380673632245
+380939512227
+380979370210
+380978983065
+380971611148
+380672357243
+380636277094
+380954511453
+380682042402
+380687011980
+380978465903
+380931701719
+380505389886
+380986770303
+380507011980
+380933166969
+380970982096
+380674456654
+380733407949
+380689272877
+380672303019
+380676019929
+380937940141
+380687647888
+380995257888
+380939657888
+380638737888
+380981348808
+380633618808
+380952908808
+380682676757
+380737747574
+380675797838
+380503567026
+380676533728
+380973885088
+380951078808
+380997609015
+380983628237
+380938267229
+380679855766
+380673339078
+380735275777
+380993330262
+380980514655
+380684049390
+380996875180
+380675505539
+380930204072
+380988007481
+380679020717
+380688193101
+380957754200
+380674008710
+380672356441
+380990560552
+380678970200
+380633275200
+380632142332
+380682142332
+380952142332
+380677071997
+380963196631
+380671311997
+380501693800
+380979517699
+380979392144
+380669428680
+380673620474
+380676851463
+380674674725
+380960786160
+380954960133
+380951311533
+380730631890
+380685355139
+380632197502
+380508250831
+380973030440
+380443842625
+380965026175
+380500770003
+380683018763
+380675102114
+380958551385
+380935689275
+380932361960
+380501372490
+380681471447
+380666761126
+380931035209
+380689432925
+380997384938
+380661071202
+380989881818
+380956881818
+380994273431
+380975036804
+380982003272
+380667898621
+380954431170
+380960595170
+380972875239
+380631705170
+380501889916
+380930047486
+380961390939
+380990041110
+380674171110
+380937492110
+380678613154
+380952057132
+380507576996
+380676235350
+380931702728
+380503637303
+380689919879
+380633196513
+380951311533
+380933853705
+380932164309
+380501899169
+380995543896
+380992175805
+380636312968
+380991523839
+38096688Ç872
+380635687894
+380974307954
+380632786909
+380506113165
+380637523887
+380996610480
+380663632414
+380680775979
+380684656365
+380992403899
+380992070628
+380675804275
+380956343903
+380970067195
+380681795195
+380983037554
+380507672596
+380979273674
+380686494632
+380957511557
+380660008016
+380665866273
+380661998502
+380961477161
+380689382580
+380935017007
+380685017007
+380630733436
+380680462306
+380503090040
+380681112411
+380501000075
+380950618245
+380950618245
+380660000103
+380954137825
?+380685619963
+380506119552
?+380638156747
?+380664868270
+380664868273
+380969266947
+380639374253
+380931278599
+380509982188
+380672790477
+380671035610
+380995510452
+380731289770
+380978963466
+380503613044
+380971468630
+380674592011
+380990071366
+380673642549
+380504239980
+380636211525
+380636002732
+380668242306
+380956973949
+380733079780
+380682788331
+380974874027
+380676745677
+380633786828
+380505159090
+380501979752
+380675973002
+380503719800
+380673632245
+380939512227
+380667903650
+380638539792
+380683067244
+380980392124
+380638026953
+380967834425
+380977551605
+380664022426
+380932124217
+380679673658
+380665191680
+380988604878
+380676378907
+380956965070
+380986540399
+380731589085
+380987307303
+380668640308
+380730650920
+380500710842
+380984536999
+380973030440
+380687723132
+380935768490
+380508863842
+380672886077
+380992583013
+380975259380
+380634157060
+380500753520
+380680228150
+380664840673
+380672866199
+380931966794
+380506163963
+380931436009
+380661772003
+380671220647
+380931158374
+380951713314
=380950448916
+380665810488
+380935810488
+380685810488
+380971096090
+380634108375
+380660966801
+380967272893
+380935446304
+380636069566
+380937036971
+380672783908
+380983521471
+380939842840
+380506246176
+380973048767
+380979501209
+380732005440
+380958515482
+380686194427
+380974548767
+380992322716
+380954133579
+380732272646
+380973144194
+380971303143
+380636690746
+380969508991
+380969508991
+380964668581
+380985011491
+380634589003
+380667688971
+380955465851
+380954696069
+380971661224
+380978155339
+380666961336
+380684649098
+380971258407
+380956973949
+380995514116
+380733079780
+380635450693
+380674227386
+380983063003
+380666640060
+380975866781
+380632675695
+380964872007
+380992683100
+380686085819
+380635020903
+380959036977
+380997721730
+380504066153
+380667465357
+380985919101
+380932919101
+380671911101
+380666044391
+380660892225
+380681664707
+380991436100
+380935580483
+380993153032
+380682041115
+380990771115
+380680050500
+380636277094
+380954511453
+380688845476
+380635958111
+380680800070
+380664435821
+380661368809
+380675059991
+380935359032
+380505081732
+380675375232
+380983686896
+380681679640
+380955598344
+380665816007
+380990232602
+380672402228
+380934282228
+380952885228
+380934282202
+380957364580
+380678447131
+380955756464
+380689085222
+380988295250
+380636708134
+380664562211
+380960012123
+380995663535
+380978581172
+380954403175
+380672982818
+380662982818
+380732982818
+380934727953
+380972681504
+380667658971
+380950173214
+380987810770
+380633986785
+380987208360
+380664606097
+380685355139
+380632197502
+380500555770
+380978465903
+380931701719
+380505389886
+380997609015
+380938267229
+380983628237
+380687798771
+380994195885
+380985469215
+380931380291
+380972920228
+380983241275
+380688763277
+380955322564
+380632281878
+380989010097
+380683500371
+380681396505
+380950185859
+380990018928
+380992719818
+380688845476
+380732070770
+380980130048
+380984358002
+380504732310
+380630739577
+380680488798
+380509663483
+380970242617
+380669411227
+380961008319
+380509250587
+380671601982
+380671123079
+380667535698
+380682571094
+380934222724
+380443933079
+380676445050
+380502021038
+380980377792
+380990770962
+380991118597
+380936228920
+380661663637
+380966861044
+380632291099
+380979601932
+380995574005
+380501891010
+380688193101
+380684077277
+380500225152
+380980273788
+380963830788
+380672507046
+380639447929
+380988253433
+380953738465
+380996427770
+380673080010
+380930939305
+380979273674
+380982233107
+380987441246
+380675288911
+380675278942
+380675278961
+380994520852
+380675378906
+380501909078
+380991095980
+380974393108
+380986577628
+380996031527
+380955005462
+380678865329
+380984849284
+380950448916
+380963296983
+380504363636
+380684001144
+380682884263
+380503845040
+380509776767
+380969829712
+380933593590
+380934305127
+380971141443
+380991451171
+380977139223
+380505617473
+380680819006
+380688475197
+380930032020
+380668363337
+380664854614
+380675712999
+380634324381
+380979337663
+380930553271
+380632381188
+380502381188
+380668099292
+380688099292
+380682381188
+380957754200
+380633275200
+380678970200
+380672004139
+380968056044
+380964664338
+380973380042
+380960288007
+380966066819
+380993905400
+380937529803
+380682107728
+380664199152
+380679242071
+380635292831
+380983677657
+380992298038
+380631248786
+380500333524
+380689723337
+380935635008
+380979370210
+380953252559
+380976067603
+380980152241
+380689780114
+380687012151
+380730631890
+380660043118
+380979529546
+380507059020
+380680084311
+380730084311
+380977787439
+380730211875
+380679286869
+380682481115
+380987454687
+380956381516
+380989828783
+380995632606
+380935282960
+380970769808
+380992052848
+380969199491
+380970398624
+380988800256
+380963233421
+380634970750
+380505042920
+380633329470
+380952234517
+380968235217
+380983522864
+380684782947
+380980353581
+380951614898
+380967714366
+380973660048
+380992862989
+380977886084
+380501453323
+380673704109
+380960114555
+380733704109
+380982326450
+380976114414
+380955648777
+380985648777
+380989671997
+380739661997
+380993089788
+380983089788
+380638610732
+380959493895
+380684037272
+380960709107
+380984922018
+380678080585
+380995668585
+380969002911
+380990287600
+380680620673
+380502539668
+380687887515
+380636956685
+380931399130
+380990288077
+380970288077
+380951489123
+380989911054
+380661268869
+380669585202
+380983502226
+380638142099
+380938595234
+380980007171
+380993511426
+380937219732
+380502519702
+380502519720
+380668871466
+380935079985
+380972049271
+380934249827
+380688289009
+380664120310
+380676235833
+380952768007
+380977056105
+380635980483
+380731844211
+380990274354
+380664126794
+380991989580
+380731137813
+380682888374
+380959313360
+380631602272
+380630740748
+380630425288
+380952131394
+380995542900
+380665590534
+380735275777
+380993330262
+380980514655
+380684049390
+380997866695
+380687553713
+380667722682
+380634075488
+380673146278
+380503433098
+380994973999
+380985542900
+380735542900
+380968255862
+380636217732
+380962060705
+380997888330
+380737888330
+380667670150
+380639705693
+380503160216
+380961400250
+380954603203
+380660052861
+380989980066
+380961018194
+380664631997
+380975578238
+380967798897
+380665296378
+380500275462
+380732272681
+380689521397
+380674128650
+380503351502
+380674942104
+380953334249
+380686524901
+380932557963
+380688246392
+380507657749
+380683831347
+380967761695
+380662471671
+380675603573
+380688236130
+380980858090
+380668099292
+380505808042
+380688099292
+380508119098
+380679190848
+380639155679
+380508119098
+380679190848
+380933536513
+380963779593
+380662347919
+380661163684
+380939848088
+380994906205
+380981266937
+380509006444
+380997635564
+380500336614
+380689550563
+380981943864
+380681101206
+380981151462
+380666071675
+380672579225
+380988563338
+380975822486
+380507657749
+380678671315
+380666421975
+380960500416
+380681130427
+380678362026
+380996529300
+380631569509
+380954610349
+380984173198
+380967508204
+380503917744
+380983917744
+380995636072
+380683685995
+380506536877
+380679375356
+380503968690
+380939375356
+380674977570
+380674094015
+380939748283
+380938310290
+380673863227
+380993069850
+380669410880
+380676104242
+380974479633
+380956337535
+380958901531
+380939567609
+380971871498
+380966889562
+380577550618
+380674170038
+380506929869
+380639219230
+380660236309
+380954075232
+380689501118
+380932653773
+380662153773
+380636829961
+380661040530
+380966233839
+380636489985
+380504420052
+380966418889
+380673715853
+380683571236
+380631842196
+380504069820
+380678080820
+380631069820
+380990726996
+380507820081
+380982976893
+380730870690
+380639830737
+380689835298
+380665281685
+380674793313
+380955369041
+380644717598
+380674740754
+380982559689
+380681232227
+380931817775
+380684012595
+380959313376
+380632142332
+380682142332
+380952142332
+380930078505
+380930110437
+380971410199
+380502857446
+380667486507
+380974597686
+380965906659
+380683010761
+380684115649
+380981318892
+380774550453
+380973942364
+380951291940
+380990410183
+380509059795
+380930016348
+380961674153
+380934330379
+380995632606
+380933352249
+380973470811
+380668634114
+380671343482
+380731089180
+380994667212
+380965182893
+380962503870
+380734181853
+380987406680
+380936407700
+380996407700
+380956445655
+380507672596
+380953388193
+380689382580
+380680920486